41
53
123
140
142
153
193
235
288
292
467
481
491
778
900
912
1018
1150
1416
1543
1587
1655
1763
1832
1842
1869
1924
1926
1999
2082
2125
2154
2161
2168
2306
2368
2421
2510
2600
2625
2625
2634
2668
2695
2800
2995
3035
3093
3102
3195
3297
3430
3434
3487
3548
3557
3602
3625
3728
3737
3753
3788
3902
4031
4041
4099
4144
4169
4313
4313
4414
4474
4596
4639
4664
4667
4678
4734
4745
4757
4802
4827
4833
4886
4966
5002
5021
5075
5097
5109
5249
5436
5447
5535
5537
5629
5699
5705
5786
5829
5844
6038
6191
6224
6270
6334
6359
6422
6483
6617
6618
6729
6868
6900
6902
7129
7164
7285
7376
7391
7441
7448
7487
7518
7616
7627
7711
7882
7900
7958
8177
8281
8313
8360
8480
8492
8723
8909
8942
9010
9040
9161
9314
9374
9503
9512
9514
9576
9741
9758
9789
9832
9894
9905
9930
9961
10021
10195
10202
10285
10291
10322
10383
10466
10555
10585
10712
10808
11008
11020
11023
11173
11323
11337
11478
11511
11538
11701
11833
11840
11942
12043
12044
12052
12263
12287
12292
12316
12382
12423
12455
12529
12550
12623
12859
12949
13030
13031
13061
13064
13186
13261
13290
13401
13458
13694
13931
13966
13977
13985
14018
14181
14270
14309
14310
14343
14474
14604
14688
14771
14798
14893
14945
14962
14989
15006
15141
15255
15281
15350
15457
15573
15574
15724
15890
16105
16118
16139
16202
16279
16282
16413
16423
16512
16519
16541
16549
16687
16827
16941
16944
17035
17086
17189
17192
17222
17253
17371
17410
17421
17437
17451
17505
17673
17773
17807
17861
17958
18007
18060
18087
18114
18127
18190
18467
18538
18588
18636
18651
18716
18756
18762
18787
18875
18896
18935
19072
19156
19169
19187
19264
19558
19589
19629
19668
19711
19718
19796
19815
19866
19895
19912
19954
19976
20024
20037
20053
20055
20142
20159
20222
20315
20328
20416
20450
20472
20485
20537
20580
20600
20649
20671
20798
20945
21003
21119
21425
21538
21548
21624
21659
21694
21718
21724
21726
21881
22190
22355
22386
22413
22466
22483
22549
22593
22646
22648
22658
22704
22725
22758
22798
22813
22888
22929
23152
23195
23196
23199
23281
23622
23646
23655
23757
23805
23811
23844
23851
23986
24021
24084
24179
24182
24221
24272
24350
24355
24370
24372
24389
24393
24464
24484
24488
24596
24626
24648
24767
24946
25200
25423
25484
25547
25627
25667
25721
25734
25760
25824
25874
25996
26154
26292
26299
26302
26308
26362
26418
26439
26477
26500
26576
26777
26869
26924
26962
27088
27157
27348
27350
27432
27446
27506
27529
27593
27595
27624
27644
27753
27756
27892
27938
27982
28009
28019
28022
28070
28145
28253
28286
28297
28321
28433
28464
28476
28520
28617
28692
28703
28745
29168
29170
29213
29314
29334
29358
29510
29565
29577
29657
29658
29869
29972
30106
30145
30191
30227
30303
30333
30523
30527
30833
30836
30932
30974
31003
31060
31101
31107
31115
31185
31286
31316
31322
31329
31426
31556
31673
31928
31998
32170
32209
32270
32391
32439
32525
32591
32609
32662
32702
32757
