10
10
16215 22102 18414 21673 12572 11816 14348 31228 15614 5486 
24729 24840 24172 20225 14999 12264 14892 32412 16206 5694 
20246 21803 22336 22863 11538 13552 16456 35816 17908 6292 
26801 26058 26081 22751 14789 14056 17068 37148 18574 6526 
14928 15704 16699 13842 9301 7952 9656 21016 10508 3692 
25535 24520 23851 21375 15316 13832 16796 36556 18278 6422 
30877 30132 30556 24915 17719 15176 18428 40108 20054 7046 
28364 25572 26685 21332 13668 13440 16320 35520 17760 6240 
29010 26057 27071 21205 15628 13776 16728 36408 18204 6396 
14389 16425 14706 15864 9716 9464 11492 25012 12506 4394 
